0      0   -inf   -nan   0.000000      
1      1   0.628   -9.548244   0.104723   3.769722      
2      1   0.628   -9.545086   0.209402   7.538311      
3      1   0.628   -9.539824   0.313993   11.304633      
4      1   0.628   -9.532460   0.418451   15.067555      
5      1   0.628   -9.522999   0.522734   18.825944      
6      1   0.628   -9.511443   0.626796   22.578671      
7      1   0.628   -9.497799   0.730595   26.324604      
8      1   0.628   -9.482072   0.834086   30.062615      
9      1   0.628   -9.464270   0.937226   33.791576      
10      1   -0.628   9.444400   1.039972   -37.510362      
11      1   -0.628   9.422471   1.142280   -41.217850      
12      1   -0.628   9.398494   1.244108   -44.912918      
13      1   -0.628   9.372478   1.345413   -48.594449      
14      1   -0.628   9.344436   1.446152   -52.261325      
15      1   -0.628   9.314380   1.546283   -55.912435      
16      1   -0.628   9.282323   1.645764   -59.546668      
17      1   -0.628   9.248281   1.744554   -63.162918      
18      1   -0.628   9.212267   1.842611   -66.760082      
19      1   -0.628   9.174299   1.939894   -70.337061      
20      1   -0.628   9.134393   2.036362   -73.892761      
